00400100;BOLS0S MHC     ;Ventas;; 00267; 00000; 00000; 00000; 00000; 00000; 00000; 00000; 00000; 000267
00400100;BOLS0S MHC     ;Despacho;; 00051; 00000; 00000; 00000; 00000; 00000; 00000; 00000; 00000; 00051
00400100;BOLS0S MHC     ;saldo;; 00216; 00000; 00000; 00000; 00000; 00000; 00000; 00000; 00000; 00216
00400100;BOLS0S MHC     ;stock;; 00073; 00000; 00000; 00000; 00000; 00000; 00000; 00000; 00000; 00073
00400100;BOLS0S MHC     ;corte;; 00280; 00000; 00000; 00000; 00000; 00000; 00000; 00000; 00000; 00280
00400100;BOLS0S MHC     ;sugerido;;-00137; 00000; 00000; 00000; 00000; 00000; 00000; 00000; 00000;-00137
;
00400500;BOLSILLO CIERRE;Ventas;; 00050; 00000; 00000; 00000; 00000; 00000; 00000; 00000; 00000; 000050
00400500;BOLSILLO CIERRE;Despacho;; 00021; 00000; 00000; 00000; 00000; 00000; 00000; 00000; 00000; 00021
00400500;BOLSILLO CIERRE;saldo;; 00029; 00000; 00000; 00000; 00000; 00000; 00000; 00000; 00000; 00029
00400500;BOLSILLO CIERRE;stock;; 00000; 00000; 00000; 00000; 00000; 00000; 00000; 00000; 00000; 00000
00400500;BOLSILLO CIERRE;corte;; 00407; 00000; 00000; 00000; 00000; 00000; 00000; 00000; 00000; 00407
00400500;BOLSILLO CIERRE;sugerido;;-00378; 00000; 00000; 00000; 00000; 00000; 00000; 00000; 00000;-00378
;
00400600;BOLSILLOS SOBRE;Ventas;; 00050; 00000; 00000; 00000; 00000; 00000; 00000; 00000; 00000; 000050
00400600;BOLSILLOS SOBRE;Despacho;; 00000; 00000; 00000; 00000; 00000; 00000; 00000; 00000; 00000; 00000
00400600;BOLSILLOS SOBRE;saldo;; 00050; 00000; 00000; 00000; 00000; 00000; 00000; 00000; 00000; 00050
00400600;BOLSILLOS SOBRE;stock;; 00000; 00000; 00000; 00000; 00000; 00000; 00000; 00000; 00000; 00000
00400600;BOLSILLOS SOBRE;corte;; 00278; 00000; 00000; 00000; 00000; 00000; 00000; 00000; 00000; 00278
00400600;BOLSILLOS SOBRE;sugerido;;-00228; 00000; 00000; 00000; 00000; 00000; 00000; 00000; 00000;-00228
;
01400100;J MHC  MEDIO PA;Ventas;; 00087; 00145; 00159; 00121; 00067; 00039; 00000; 00000; 00000; 000618
01400100;J MHC  MEDIO PA;Despacho;; 00073; 00124; 00135; 00115; 00062; 00033; 00000; 00000; 00000; 00542
01400100;J MHC  MEDIO PA;saldo;; 00014; 00021; 00024; 00006; 00005; 00006; 00000; 00000; 00000; 00076
01400100;J MHC  MEDIO PA;stock;; 00003; 00001; 00000; 00006; 00006; 00003; 00000; 00000; 00000; 00019
01400100;J MHC  MEDIO PA;corte;; 00004; 00003; 00000; 00000; 00000; 00000; 00000; 00000; 00000; 00007
01400100;J MHC  MEDIO PA;sugerido;; 00007; 00017; 00024; 00000;-00001; 00003; 00000; 00000; 00000; 00050
;
01400101;J MHC  MEDIO PA;Ventas;; 00001; 00001; 00001; 00001; 00000; 00000; 00000; 00000; 00000; 000004
01400101;J MHC  MEDIO PA;Despacho;; 00000; 00000; 00000; 00000; 00000; 00000; 00000; 00000; 00000; 00000
01400101;J MHC  MEDIO PA;saldo;; 00001; 00001; 00001; 00001; 00000; 00000; 00000; 00000; 00000; 00004
01400101;J MHC  MEDIO PA;stock;; 00000; 00000; 00000; 00000; 00000; 00000; 00000; 00000; 00000; 00000
01400101;J MHC  MEDIO PA;corte;; 00000; 00000; 00000; 00000; 00000; 00000; 00000; 00000; 00000; 00000
01400101;J MHC  MEDIO PA;sugerido;; 00001; 00001; 00001; 00001; 00000; 00000; 00000; 00000; 00000; 00004
;
01400200;J MHC  MEDIO OX;Ventas;; 00068; 00117; 00119; 00113; 00088; 00062; 00000; 00000; 00000; 000567
01400200;J MHC  MEDIO OX;Despacho;; 00047; 00095; 00104; 00095; 00061; 00045; 00000; 00000; 00000; 00447
01400200;J MHC  MEDIO OX;saldo;; 00021; 00022; 00015; 00018; 00027; 00017; 00000; 00000; 00000; 00120
01400200;J MHC  MEDIO OX;stock;; 00010; 00000; 00006; 00006; 00012; 00000; 00000; 00000; 00000; 00034
01400200;J MHC  MEDIO OX;corte;; 00002; 00003; 00000; 00000; 00000; 00000; 00000; 00000; 00000; 00005
01400200;J MHC  MEDIO OX;sugerido;; 00009; 00019; 00009; 00012; 00015; 00017; 00000; 00000; 00000; 00081
;
01400201;J MHC  MEDIO OX;Ventas;; 00027; 00040; 00043; 00038; 00024; 00016; 00000; 00000; 00000; 000188
01400201;J MHC  MEDIO OX;Despacho;; 00018; 00021; 00027; 00024; 00014; 00010; 00000; 00000; 00000; 00114
01400201;J MHC  MEDIO OX;saldo;; 00009; 00019; 00016; 00014; 00010; 00006; 00000; 00000; 00000; 00074
01400201;J MHC  MEDIO OX;stock;; 00002; 00005; 00002; 00001; 00000; 00001; 00000; 00000; 00000; 00011
01400201;J MHC  MEDIO OX;corte;; 00000; 00000; 00000; 00000; 00000; 00000; 00000; 00000; 00000; 00000
01400201;J MHC  MEDIO OX;sugerido;; 00007; 00014; 00014; 00013; 00010; 00005; 00000; 00000; 00000; 00063
;
01400300;J MHC CINTURA P;Ventas;; 00009; 00018; 00020; 00018; 00015; 00009; 00000; 00000; 00000; 000089
01400300;J MHC CINTURA P;Despacho;; 00000; 00000; 00000; 00000; 00000; 00000; 00000; 00000; 00000; 00000
01400300;J MHC CINTURA P;saldo;; 00009; 00018; 00020; 00018; 00015; 00009; 00000; 00000; 00000; 00089
01400300;J MHC CINTURA P;stock;;-00001; 00000; 00000; 00000; 00000; 00000; 00000; 00000; 00000;-00001
01400300;J MHC CINTURA P;corte;; 00000; 00000; 00000; 00000; 00000; 00000; 00000; 00000; 00000; 00000
01400300;J MHC CINTURA P;sugerido;; 00010; 00018; 00020; 00018; 00015; 00009; 00000; 00000; 00000; 00090
;
01400400;J MHC  CINTURA ;Ventas;; 00066; 00109; 00125; 00119; 00082; 00059; 00000; 00000; 00000; 000560
01400400;J MHC  CINTURA ;Despacho;; 00051; 00085; 00095; 00093; 00064; 00039; 00000; 00000; 00000; 00427
01400400;J MHC  CINTURA ;saldo;; 00015; 00024; 00030; 00026; 00018; 00020; 00000; 00000; 00000; 00133
01400400;J MHC  CINTURA ;stock;; 00001; 00013; 00014; 00003;-00003; 00008; 00000; 00000; 00000; 00036
01400400;J MHC  CINTURA ;corte;; 00072; 00109; 00130; 00110; 00068; 00050; 00000; 00000; 00000; 00539
01400400;J MHC  CINTURA ;sugerido;;-00058;-00098;-00114;-00087;-00047;-00038; 00000; 00000; 00000;-00442
;
01400401;J MHC  CINTURA ;Ventas;; 00035; 00055; 00074; 00061; 00032; 00026; 00000; 00000; 00000; 000283
01400401;J MHC  CINTURA ;Despacho;; 00032; 00050; 00065; 00055; 00028; 00023; 00000; 00000; 00000; 00253
01400401;J MHC  CINTURA ;saldo;; 00003; 00005; 00009; 00006; 00004; 00003; 00000; 00000; 00000; 00030
01400401;J MHC  CINTURA ;stock;; 00001; 00001; 00000; 00000; 00001; 00000; 00000; 00000; 00000; 00003
01400401;J MHC  CINTURA ;corte;; 00000; 00000; 00000; 00000; 00000; 00000; 00000; 00000; 00000; 00000
01400401;J MHC  CINTURA ;sugerido;; 00002; 00004; 00009; 00006; 00003; 00003; 00000; 00000; 00000; 00027
;
01400700;J MHC  CINTURA ;Ventas;; 00169; 00312; 00354; 00325; 00219; 00151; 00000; 00000; 00000; 001530
01400700;J MHC  CINTURA ;Despacho;; 00146; 00269; 00314; 00288; 00190; 00129; 00000; 00000; 00000; 01336
01400700;J MHC  CINTURA ;saldo;; 00023; 00043; 00040; 00037; 00029; 00022; 00000; 00000; 00000; 00194
01400700;J MHC  CINTURA ;stock;; 00009; 00001; 00001; 00000; 00003; 00002; 00000; 00000; 00000; 00016
01400700;J MHC  CINTURA ;corte;; 00013; 00017; 00020; 00018; 00020; 00011; 00000; 00000; 00000; 00099
01400700;J MHC  CINTURA ;sugerido;; 00001; 00025; 00019; 00019; 00006; 00009; 00000; 00000; 00000; 00079
;
01400701;J MHC  CINTURA ;Ventas;; 00011; 00013; 00013; 00018; 00018; 00009; 00000; 00000; 00000; 000082
01400701;J MHC  CINTURA ;Despacho;; 00011; 00013; 00013; 00018; 00018; 00009; 00000; 00000; 00000; 00082
01400701;J MHC  CINTURA ;saldo;; 00000; 00000; 00000; 00000; 00000; 00000; 00000; 00000; 00000; 00000
01400701;J MHC  CINTURA ;stock;; 00000; 00000; 00000; 00000; 00000; 00000; 00000; 00000; 00000; 00000
01400701;J MHC  CINTURA ;corte;; 00000; 00000; 00000; 00000; 00000; 00000; 00000; 00000; 00000; 00000
01400701;J MHC  CINTURA ;sugerido;; 00000; 00000; 00000; 00000; 00000; 00000; 00000; 00000; 00000; 00000
;
01400790;J MHC  CINTURA ;Ventas;; 00012; 00019; 00021; 00017; 00011; 00006; 00000; 00000; 00000; 000086
01400790;J MHC  CINTURA ;Despacho;; 00007; 00012; 00012; 00010; 00005; 00001; 00000; 00000; 00000; 00047
01400790;J MHC  CINTURA ;saldo;; 00005; 00007; 00009; 00007; 00006; 00005; 00000; 00000; 00000; 00039
01400790;J MHC  CINTURA ;stock;; 00000; 00000; 00001; 00000; 00000; 00000; 00000; 00000; 00000; 00001
01400790;J MHC  CINTURA ;corte;; 00000; 00000; 00000; 00000; 00000; 00000; 00000; 00000; 00000; 00000
01400790;J MHC  CINTURA ;sugerido;; 00005; 00007; 00008; 00007; 00006; 00005; 00000; 00000; 00000; 00038
;
01400800;J MHC CINTURA F;Ventas;; 00173; 00284; 00305; 00267; 00184; 00128; 00000; 00000; 00000; 001341
01400800;J MHC CINTURA F;Despacho;; 00169; 00270; 00298; 00262; 00168; 00122; 00000; 00000; 00000; 01289
01400800;J MHC CINTURA F;saldo;; 00004; 00014; 00007; 00005; 00016; 00006; 00000; 00000; 00000; 00052
01400800;J MHC CINTURA F;stock;; 00000; 00000; 00001; 00001; 00001; 00000; 00000; 00000; 00000; 00003
01400800;J MHC CINTURA F;corte;; 00002; 00007; 00005; 00000; 00000; 00000; 00000; 00000; 00000; 00014
01400800;J MHC CINTURA F;sugerido;; 00002; 00007; 00001; 00004; 00015; 00006; 00000; 00000; 00000; 00035
;
01400900;J MHC T/36 CINT;Ventas;; 00163; 00285; 00334; 00291; 00174; 00126; 00000; 00000; 00000; 001373
01400900;J MHC T/36 CINT;Despacho;; 00148; 00265; 00309; 00271; 00141; 00101; 00000; 00000; 00000; 01235
01400900;J MHC T/36 CINT;saldo;; 00015; 00020; 00025; 00020; 00033; 00025; 00000; 00000; 00000; 00138
01400900;J MHC T/36 CINT;stock;; 00025; 00016; 00016; 00003; 00003; 00002; 00000; 00000; 00000; 00065
01400900;J MHC T/36 CINT;corte;; 00002; 00003; 00000; 00000; 00000; 00000; 00000; 00000; 00000; 00005
01400900;J MHC T/36 CINT;sugerido;;-00012; 00001; 00009; 00017; 00030; 00023; 00000; 00000; 00000; 00068
;
01401000;J MHC CINTURA T;Ventas;; 00151; 00261; 00302; 00257; 00173; 00116; 00000; 00000; 00000; 001260
01401000;J MHC CINTURA T;Despacho;; 00137; 00236; 00267; 00235; 00150; 00108; 00000; 00000; 00000; 01133
01401000;J MHC CINTURA T;saldo;; 00014; 00025; 00035; 00022; 00023; 00008; 00000; 00000; 00000; 00127
01401000;J MHC CINTURA T;stock;; 00000; 00008; 00008; 00000; 00001; 00000; 00000; 00000; 00000; 00017
01401000;J MHC CINTURA T;corte;; 00002; 00003; 00000; 00000; 00000; 00000; 00000; 00000; 00000; 00005
01401000;J MHC CINTURA T;sugerido;; 00012; 00014; 00027; 00022; 00022; 00008; 00000; 00000; 00000; 00105
;
01401001;J MHC CINTURA T;Ventas;; 00012; 00015; 00015; 00015; 00010; 00006; 00000; 00000; 00000; 000073
01401001;J MHC CINTURA T;Despacho;; 00000; 00000; 00000; 00000; 00000; 00000; 00000; 00000; 00000; 00000
01401001;J MHC CINTURA T;saldo;; 00012; 00015; 00015; 00015; 00010; 00006; 00000; 00000; 00000; 00073
01401001;J MHC CINTURA T;stock;; 00000; 00000; 00000; 00000; 00000; 00000; 00000; 00000; 00000; 00000
01401001;J MHC CINTURA T;corte;; 00000; 00000; 00000; 00000; 00000; 00000; 00000; 00000; 00000; 00000
01401001;J MHC CINTURA T;sugerido;; 00012; 00015; 00015; 00015; 00010; 00006; 00000; 00000; 00000; 00073
;
01401090;J MHC CINTURA T;Ventas;; 00015; 00020; 00020; 00020; 00017; 00006; 00000; 00000; 00000; 000098
01401090;J MHC CINTURA T;Despacho;; 00015; 00020; 00020; 00020; 00017; 00006; 00000; 00000; 00000; 00098
01401090;J MHC CINTURA T;saldo;; 00000; 00000; 00000; 00000; 00000; 00000; 00000; 00000; 00000; 00000
01401090;J MHC CINTURA T;stock;; 00000; 00000; 00000; 00000; 00000; 00000; 00000; 00000; 00000; 00000
01401090;J MHC CINTURA T;corte;; 00000; 00000; 00000; 00000; 00000; 00000; 00000; 00000; 00000; 00000
01401090;J MHC CINTURA T;sugerido;; 00000; 00000; 00000; 00000; 00000; 00000; 00000; 00000; 00000; 00000
;
01401100;J MHC  CINTURA ;Ventas;; 00127; 00175; 00199; 00168; 00100; 00080; 00000; 00000; 00000; 000849
01401100;J MHC  CINTURA ;Despacho;; 00106; 00151; 00180; 00148; 00090; 00062; 00000; 00000; 00000; 00737
01401100;J MHC  CINTURA ;saldo;; 00021; 00024; 00019; 00020; 00010; 00018; 00000; 00000; 00000; 00112
01401100;J MHC  CINTURA ;stock;; 00008; 00006; 00001; 00003; 00000; 00005; 00000; 00000; 00000; 00023
01401100;J MHC  CINTURA ;corte;; 00002; 00003; 00000; 00000; 00000; 00000; 00000; 00000; 00000; 00005
01401100;J MHC  CINTURA ;sugerido;; 00011; 00015; 00018; 00017; 00010; 00013; 00000; 00000; 00000; 00084
;
01401101;J MHC  CINTURA ;Ventas;; 00072; 00111; 00121; 00108; 00071; 00045; 00000; 00000; 00000; 000528
01401101;J MHC  CINTURA ;Despacho;; 00068; 00104; 00116; 00102; 00067; 00042; 00000; 00000; 00000; 00499
01401101;J MHC  CINTURA ;saldo;; 00004; 00007; 00005; 00006; 00004; 00003; 00000; 00000; 00000; 00029
01401101;J MHC  CINTURA ;stock;; 00000; 00000; 00000; 00001; 00000; 00000; 00000; 00000; 00000; 00001
01401101;J MHC  CINTURA ;corte;; 00000; 00000; 00000; 00000; 00000; 00000; 00000; 00000; 00000; 00000
01401101;J MHC  CINTURA ;sugerido;; 00004; 00007; 00005; 00005; 00004; 00003; 00000; 00000; 00000; 00028
;
01401200;J MHC CINTURA F;Ventas;; 00146; 00250; 00288; 00242; 00160; 00103; 00000; 00000; 00000; 001189
01401200;J MHC CINTURA F;Despacho;; 00128; 00240; 00278; 00231; 00129; 00089; 00000; 00000; 00000; 01095
01401200;J MHC CINTURA F;saldo;; 00018; 00010; 00010; 00011; 00031; 00014; 00000; 00000; 00000; 00094
01401200;J MHC CINTURA F;stock;; 00001; 00000; 00000; 00000; 00002; 00001; 00000; 00000; 00000; 00004
01401200;J MHC CINTURA F;corte;; 00000; 00000; 00000; 00000; 00000; 00000; 00000; 00000; 00000; 00000
01401200;J MHC CINTURA F;sugerido;; 00017; 00010; 00010; 00011; 00029; 00013; 00000; 00000; 00000; 00090
;
01401201;J MHC CINTURA F;Ventas;; 00175; 00255; 00265; 00221; 00139; 00090; 00000; 00000; 00000; 001145
01401201;J MHC CINTURA F;Despacho;; 00162; 00232; 00230; 00197; 00106; 00071; 00000; 00000; 00000; 00998
01401201;J MHC CINTURA F;saldo;; 00013; 00023; 00035; 00024; 00033; 00019; 00000; 00000; 00000; 00147
01401201;J MHC CINTURA F;stock;; 00008; 00000; 00000; 00000; 00009; 00001; 00000; 00000; 00000; 00018
01401201;J MHC CINTURA F;corte;; 00000; 00000; 00000; 00000; 00000; 00000; 00000; 00000; 00000; 00000
01401201;J MHC CINTURA F;sugerido;; 00005; 00023; 00035; 00024; 00024; 00018; 00000; 00000; 00000; 00129
;
01401300;J MHC CINTURA P;Ventas;; 00063; 00105; 00117; 00108; 00067; 00039; 00000; 00000; 00000; 000499
01401300;J MHC CINTURA P;Despacho;; 00061; 00103; 00116; 00107; 00066; 00038; 00000; 00000; 00000; 00491
01401300;J MHC CINTURA P;saldo;; 00002; 00002; 00001; 00001; 00001; 00001; 00000; 00000; 00000; 00008
01401300;J MHC CINTURA P;stock;; 00000; 00000; 00000; 00000; 00000; 00000; 00000; 00000; 00000; 00000
01401300;J MHC CINTURA P;corte;; 00000; 00000; 00000; 00000; 00000; 00000; 00000; 00000; 00000; 00000
01401300;J MHC CINTURA P;sugerido;; 00002; 00002; 00001; 00001; 00001; 00001; 00000; 00000; 00000; 00008
;
01401301;J MHC CINTURA P;Ventas;; 00004; 00015; 00023; 00017; 00004; 00009; 00000; 00000; 00000; 000072
01401301;J MHC CINTURA P;Despacho;; 00004; 00015; 00023; 00017; 00004; 00009; 00000; 00000; 00000; 00072
01401301;J MHC CINTURA P;saldo;; 00000; 00000; 00000; 00000; 00000; 00000; 00000; 00000; 00000; 00000
01401301;J MHC CINTURA P;stock;; 00000; 00000; 00000; 00000; 00000; 00000; 00000; 00000; 00000; 00000
01401301;J MHC CINTURA P;corte;; 00000; 00000; 00000; 00000; 00000; 00000; 00000; 00000; 00000; 00000
01401301;J MHC CINTURA P;sugerido;; 00000; 00000; 00000; 00000; 00000; 00000; 00000; 00000; 00000; 00000
;
01401500;J MHC CINTURA T;Ventas;; 00117; 00203; 00224; 00186; 00121; 00079; 00000; 00000; 00000; 000930
01401500;J MHC CINTURA T;Despacho;; 00104; 00179; 00203; 00167; 00103; 00070; 00000; 00000; 00000; 00826
01401500;J MHC CINTURA T;saldo;; 00013; 00024; 00021; 00019; 00018; 00009; 00000; 00000; 00000; 00104
01401500;J MHC CINTURA T;stock;; 00002; 00003; 00000; 00000; 00000; 00000; 00000; 00000; 00000; 00005
01401500;J MHC CINTURA T;corte;; 00003; 00003; 00000; 00000; 00000; 00000; 00000; 00000; 00000; 00006
01401500;J MHC CINTURA T;sugerido;; 00008; 00018; 00021; 00019; 00018; 00009; 00000; 00000; 00000; 00093
;
01401501;J MHC CINTURA T;Ventas;; 00050; 00099; 00117; 00097; 00063; 00038; 00000; 00000; 00000; 000464
01401501;J MHC CINTURA T;Despacho;; 00048; 00096; 00112; 00095; 00061; 00037; 00000; 00000; 00000; 00449
01401501;J MHC CINTURA T;saldo;; 00002; 00003; 00005; 00002; 00002; 00001; 00000; 00000; 00000; 00015
01401501;J MHC CINTURA T;stock;; 00000; 00000; 00000; 00000; 00000; 00000; 00000; 00000; 00000; 00000
01401501;J MHC CINTURA T;corte;; 00000; 00000; 00000; 00000; 00000; 00000; 00000; 00000; 00000; 00000
01401501;J MHC CINTURA T;sugerido;; 00002; 00003; 00005; 00002; 00002; 00001; 00000; 00000; 00000; 00015
;
01401590;J MHC CINTURA T;Ventas;; 00037; 00045; 00048; 00031; 00037; 00025; 00000; 00000; 00000; 000223
01401590;J MHC CINTURA T;Despacho;; 00033; 00040; 00039; 00026; 00034; 00024; 00000; 00000; 00000; 00196
01401590;J MHC CINTURA T;saldo;; 00004; 00005; 00009; 00005; 00003; 00001; 00000; 00000; 00000; 00027
01401590;J MHC CINTURA T;stock;; 00000; 00000; 00000; 00005; 00002; 00000; 00000; 00000; 00000; 00007
01401590;J MHC CINTURA T;corte;; 00000; 00000; 00000; 00000; 00000; 00000; 00000; 00000; 00000; 00000
01401590;J MHC CINTURA T;sugerido;; 00004; 00005; 00009; 00000; 00001; 00001; 00000; 00000; 00000; 00020
;
01401600;J MHC  CINTURA ;Ventas;; 00134; 00193; 00220; 00188; 00125; 00082; 00000; 00000; 00000; 000942
01401600;J MHC  CINTURA ;Despacho;; 00097; 00176; 00205; 00177; 00106; 00074; 00000; 00000; 00000; 00835
01401600;J MHC  CINTURA ;saldo;; 00037; 00017; 00015; 00011; 00019; 00008; 00000; 00000; 00000; 00107
01401600;J MHC  CINTURA ;stock;; 00021; 00007; 00012; 00010; 00001; 00005; 00000; 00000; 00000; 00056
01401600;J MHC  CINTURA ;corte;; 00002; 00003; 00000; 00000; 00000; 00000; 00000; 00000; 00000; 00005
01401600;J MHC  CINTURA ;sugerido;; 00014; 00007; 00003; 00001; 00018; 00003; 00000; 00000; 00000; 00046
;
01401601;J MHC  CINTURA ;Ventas;; 00015; 00017; 00019; 00019; 00014; 00010; 00000; 00000; 00000; 000094
01401601;J MHC  CINTURA ;Despacho;; 00006; 00011; 00010; 00009; 00008; 00004; 00000; 00000; 00000; 00048
01401601;J MHC  CINTURA ;saldo;; 00009; 00006; 00009; 00010; 00006; 00006; 00000; 00000; 00000; 00046
01401601;J MHC  CINTURA ;stock;; 00000; 00000; 00000; 00000; 00000; 00000; 00000; 00000; 00000; 00000
01401601;J MHC  CINTURA ;corte;; 00000; 00000; 00000; 00000; 00000; 00000; 00000; 00000; 00000; 00000
01401601;J MHC  CINTURA ;sugerido;; 00009; 00006; 00009; 00010; 00006; 00006; 00000; 00000; 00000; 00046
;
01401680;J MHC  CINTURA ;Ventas;; 00012; 00012; 00012; 00012; 00008; 00008; 00000; 00000; 00000; 000064
01401680;J MHC  CINTURA ;Despacho;; 00000; 00000; 00000; 00000; 00000; 00000; 00000; 00000; 00000; 00000
01401680;J MHC  CINTURA ;saldo;; 00012; 00012; 00012; 00012; 00008; 00008; 00000; 00000; 00000; 00064
01401680;J MHC  CINTURA ;stock;; 00000; 00000; 00000; 00000; 00000; 00000; 00000; 00000; 00000; 00000
01401680;J MHC  CINTURA ;corte;; 00000; 00000; 00000; 00000; 00000; 00000; 00000; 00000; 00000; 00000
01401680;J MHC  CINTURA ;sugerido;; 00012; 00012; 00012; 00012; 00008; 00008; 00000; 00000; 00000; 00064
;
01401700;J MHC  CINTURA ;Ventas;; 00118; 00182; 00200; 00179; 00145; 00090; 00000; 00000; 00000; 000914
01401700;J MHC  CINTURA ;Despacho;; 00099; 00172; 00192; 00176; 00131; 00082; 00000; 00000; 00000; 00852
01401700;J MHC  CINTURA ;saldo;; 00019; 00010; 00008; 00003; 00014; 00008; 00000; 00000; 00000; 00062
01401700;J MHC  CINTURA ;stock;; 00000; 00002; 00000; 00000; 00006; 00000; 00000; 00000; 00000; 00008
01401700;J MHC  CINTURA ;corte;; 00003; 00010; 00000; 00000; 00000; 00000; 00000; 00000; 00000; 00013
01401700;J MHC  CINTURA ;sugerido;; 00016;-00002; 00008; 00003; 00008; 00008; 00000; 00000; 00000; 00041
;
01401701;J MHC  CINTURA ;Ventas;; 00087; 00130; 00140; 00131; 00092; 00066; 00000; 00000; 00000; 000646
01401701;J MHC  CINTURA ;Despacho;; 00072; 00109; 00124; 00116; 00075; 00058; 00000; 00000; 00000; 00554
01401701;J MHC  CINTURA ;saldo;; 00015; 00021; 00016; 00015; 00017; 00008; 00000; 00000; 00000; 00092
01401701;J MHC  CINTURA ;stock;; 00001;-00001; 00003; 00000; 00000; 00001; 00000; 00000; 00000; 00004
01401701;J MHC  CINTURA ;corte;; 00000; 00000; 00000; 00000; 00000; 00000; 00000; 00000; 00000; 00000
01401701;J MHC  CINTURA ;sugerido;; 00014; 00022; 00013; 00015; 00017; 00007; 00000; 00000; 00000; 00088
;
01401800;J MHC CINTURA P;Ventas;; 00121; 00228; 00266; 00246; 00161; 00105; 00000; 00000; 00000; 001127
01401800;J MHC CINTURA P;Despacho;; 00115; 00213; 00248; 00222; 00143; 00092; 00000; 00000; 00000; 01033
01401800;J MHC CINTURA P;saldo;; 00006; 00015; 00018; 00024; 00018; 00013; 00000; 00000; 00000; 00094
01401800;J MHC CINTURA P;stock;; 00000; 00002; 00006; 00003; 00001; 00000; 00000; 00000; 00000; 00012
01401800;J MHC CINTURA P;corte;; 00004; 00003; 00000; 00000; 00000; 00000; 00000; 00000; 00000; 00007
01401800;J MHC CINTURA P;sugerido;; 00002; 00010; 00012; 00021; 00017; 00013; 00000; 00000; 00000; 00075
;
01401801;J MHC CINTURA P;Ventas;; 00039; 00056; 00059; 00051; 00034; 00021; 00000; 00000; 00000; 000260
01401801;J MHC CINTURA P;Despacho;; 00027; 00041; 00044; 00036; 00024; 00015; 00000; 00000; 00000; 00187
01401801;J MHC CINTURA P;saldo;; 00012; 00015; 00015; 00015; 00010; 00006; 00000; 00000; 00000; 00073
01401801;J MHC CINTURA P;stock;; 00000; 00001; 00000; 00000; 00000; 00000; 00000; 00000; 00000; 00001
01401801;J MHC CINTURA P;corte;; 00000; 00000; 00000; 00000; 00000; 00000; 00000; 00000; 00000; 00000
01401801;J MHC CINTURA P;sugerido;; 00012; 00014; 00015; 00015; 00010; 00006; 00000; 00000; 00000; 00072
;
01401900;J MHC MEDIO PIT;Ventas;; 00077; 00120; 00150; 00134; 00075; 00050; 00000; 00000; 00000; 000606
01401900;J MHC MEDIO PIT;Despacho;; 00061; 00116; 00142; 00122; 00069; 00047; 00000; 00000; 00000; 00557
01401900;J MHC MEDIO PIT;saldo;; 00016; 00004; 00008; 00012; 00006; 00003; 00000; 00000; 00000; 00049
01401900;J MHC MEDIO PIT;stock;; 00007; 00007; 00006; 00004; 00000; 00002; 00000; 00000; 00000; 00026
01401900;J MHC MEDIO PIT;corte;; 00000; 00000; 00000; 00000; 00000; 00000; 00000; 00000; 00000; 00000
01401900;J MHC MEDIO PIT;sugerido;; 00009;-00003; 00002; 00008; 00006; 00001; 00000; 00000; 00000; 00023
;
01402000;J MHC  CINTURA ;Ventas;; 00012; 00014; 00016; 00016; 00012; 00006; 00000; 00000; 00000; 000076
01402000;J MHC  CINTURA ;Despacho;; 00000; 00000; 00000; 00000; 00000; 00000; 00000; 00000; 00000; 00000
01402000;J MHC  CINTURA ;saldo;; 00012; 00014; 00016; 00016; 00012; 00006; 00000; 00000; 00000; 00076
01402000;J MHC  CINTURA ;stock;; 00000; 00002; 00000; 00000; 00000; 00000; 00000; 00000; 00000; 00002
01402000;J MHC  CINTURA ;corte;; 00000; 00000; 00000; 00000; 00000; 00000; 00000; 00000; 00000; 00000
01402000;J MHC  CINTURA ;sugerido;; 00012; 00012; 00016; 00016; 00012; 00006; 00000; 00000; 00000; 00074
;
01402100;J MHC  CINTURA ;Ventas;; 00162; 00284; 00320; 00289; 00188; 00122; 00000; 00000; 00000; 001365
01402100;J MHC  CINTURA ;Despacho;; 00145; 00260; 00295; 00267; 00167; 00110; 00000; 00000; 00000; 01244
01402100;J MHC  CINTURA ;saldo;; 00017; 00024; 00025; 00022; 00021; 00012; 00000; 00000; 00000; 00121
01402100;J MHC  CINTURA ;stock;; 00002; 00004; 00001; 00005; 00003; 00005; 00000; 00000; 00000; 00020
01402100;J MHC  CINTURA ;corte;;-00036;-00006; 00003; 00013; 00018; 00024; 00000; 00000; 00000; 00016
01402100;J MHC  CINTURA ;sugerido;; 00051; 00026; 00021; 00004; 00000;-00017; 00000; 00000; 00000; 00085
;
01402190;J MHC  CINTURA ;Ventas;; 00050; 00068; 00074; 00070; 00043; 00024; 00000; 00000; 00000; 000329
01402190;J MHC  CINTURA ;Despacho;; 00037; 00055; 00059; 00058; 00034; 00018; 00000; 00000; 00000; 00261
01402190;J MHC  CINTURA ;saldo;; 00013; 00013; 00015; 00012; 00009; 00006; 00000; 00000; 00000; 00068
01402190;J MHC  CINTURA ;stock;; 00017; 00014; 00011; 00011; 00005; 00001; 00000; 00000; 00000; 00059
01402190;J MHC  CINTURA ;corte;; 00000; 00000; 00000; 00000; 00000; 00000; 00000; 00000; 00000; 00000
01402190;J MHC  CINTURA ;sugerido;;-00004;-00001; 00004; 00001; 00004; 00005; 00000; 00000; 00000; 00009
;
01402300;J MHC CINTURA  ;Ventas;; 00074; 00121; 00133; 00130; 00085; 00049; 00000; 00000; 00000; 000592
01402300;J MHC CINTURA  ;Despacho;; 00061; 00105; 00116; 00114; 00072; 00043; 00000; 00000; 00000; 00511
01402300;J MHC CINTURA  ;saldo;; 00013; 00016; 00017; 00016; 00013; 00006; 00000; 00000; 00000; 00081
01402300;J MHC CINTURA  ;stock;;-00003;-00010;-00015;-00005;-00003;-00005; 00000; 00000; 00000;-00041
01402300;J MHC CINTURA  ;corte;; 00000; 00000; 00000; 00000; 00000; 00000; 00000; 00000; 00000; 00000
01402300;J MHC CINTURA  ;sugerido;; 00016; 00026; 00032; 00021; 00016; 00011; 00000; 00000; 00000; 00122
;
01402301;J MHC CINTURA  ;Ventas;; 00016; 00035; 00031; 00027; 00018; 00014; 00000; 00000; 00000; 000141
01402301;J MHC CINTURA  ;Despacho;; 00004; 00020; 00016; 00012; 00008; 00008; 00000; 00000; 00000; 00068
01402301;J MHC CINTURA  ;saldo;; 00012; 00015; 00015; 00015; 00010; 00006; 00000; 00000; 00000; 00073
01402301;J MHC CINTURA  ;stock;; 00000; 00000; 00000; 00000; 00000; 00000; 00000; 00000; 00000; 00000
01402301;J MHC CINTURA  ;corte;; 00000; 00000; 00000; 00000; 00000; 00000; 00000; 00000; 00000; 00000
01402301;J MHC CINTURA  ;sugerido;; 00012; 00015; 00015; 00015; 00010; 00006; 00000; 00000; 00000; 00073
;
01402390;J MHC CINTURA  ;Ventas;; 00006; 00011; 00012; 00010; 00010; 00006; 00000; 00000; 00000; 000055
01402390;J MHC CINTURA  ;Despacho;; 00006; 00009; 00009; 00009; 00007; 00006; 00000; 00000; 00000; 00046
01402390;J MHC CINTURA  ;saldo;; 00000; 00002; 00003; 00001; 00003; 00000; 00000; 00000; 00000; 00009
01402390;J MHC CINTURA  ;stock;; 00000; 00002; 00000; 00000; 00000; 00000; 00000; 00000; 00000; 00002
01402390;J MHC CINTURA  ;corte;; 00000; 00000; 00000; 00000; 00000; 00000; 00000; 00000; 00000; 00000
01402390;J MHC CINTURA  ;sugerido;; 00000; 00000; 00003; 00001; 00003; 00000; 00000; 00000; 00000; 00007
;
01402400;J MHC CINTURA P;Ventas;; 00055; 00094; 00100; 00092; 00064; 00047; 00000; 00000; 00000; 000452
01402400;J MHC CINTURA P;Despacho;; 00049; 00085; 00093; 00082; 00055; 00041; 00000; 00000; 00000; 00405
01402400;J MHC CINTURA P;saldo;; 00006; 00009; 00007; 00010; 00009; 00006; 00000; 00000; 00000; 00047
01402400;J MHC CINTURA P;stock;; 00000;-00003;-00004;-00004; 00001; 00000; 00000; 00000; 00000;-00010
01402400;J MHC CINTURA P;corte;; 00003; 00003; 00000; 00000; 00000; 00000; 00000; 00000; 00000; 00006
01402400;J MHC CINTURA P;sugerido;; 00003; 00009; 00011; 00014; 00008; 00006; 00000; 00000; 00000; 00051
;
01402401;J MHC CINTURA P;Ventas;; 00001; 00021; 00017; 00016; 00005; 00000; 00000; 00000; 00000; 000060
01402401;J MHC CINTURA P;Despacho;; 00001; 00021; 00017; 00016; 00005; 00000; 00000; 00000; 00000; 00060
01402401;J MHC CINTURA P;saldo;; 00000; 00000; 00000; 00000; 00000; 00000; 00000; 00000; 00000; 00000
01402401;J MHC CINTURA P;stock;; 00000; 00000; 00000; 00000; 00000; 00000; 00000; 00000; 00000; 00000
01402401;J MHC CINTURA P;corte;; 00000; 00000; 00000; 00000; 00000; 00000; 00000; 00000; 00000; 00000
01402401;J MHC CINTURA P;sugerido;; 00000; 00000; 00000; 00000; 00000; 00000; 00000; 00000; 00000; 00000
;
01402500;J MHC  CINTURA ;Ventas;; 00011; 00016; 00016; 00016; 00010; 00005; 00000; 00000; 00000; 000074
01402500;J MHC  CINTURA ;Despacho;; 00000; 00000; 00000; 00000; 00000; 00000; 00000; 00000; 00000; 00000
01402500;J MHC  CINTURA ;saldo;; 00011; 00016; 00016; 00016; 00010; 00005; 00000; 00000; 00000; 00074
01402500;J MHC  CINTURA ;stock;; 00000; 00000; 00000; 00000; 00000; 00000; 00000; 00000; 00000; 00000
01402500;J MHC  CINTURA ;corte;; 00000; 00000; 00000; 00000; 00000; 00000; 00000; 00000; 00000; 00000
01402500;J MHC  CINTURA ;sugerido;; 00011; 00016; 00016; 00016; 00010; 00005; 00000; 00000; 00000; 00074
;
01402501;J MHC  CINTURA ;Ventas;; 00002; 00003; 00003; 00003; 00002; 00000; 00000; 00000; 00000; 000013
01402501;J MHC  CINTURA ;Despacho;; 00000; 00000; 00000; 00000; 00000; 00000; 00000; 00000; 00000; 00000
01402501;J MHC  CINTURA ;saldo;; 00002; 00003; 00003; 00003; 00002; 00000; 00000; 00000; 00000; 00013
01402501;J MHC  CINTURA ;stock;; 00000; 00000; 00000; 00000; 00000; 00000; 00000; 00000; 00000; 00000
01402501;J MHC  CINTURA ;corte;; 00000; 00000; 00000; 00000; 00000; 00000; 00000; 00000; 00000; 00000
01402501;J MHC  CINTURA ;sugerido;; 00002; 00003; 00003; 00003; 00002; 00000; 00000; 00000; 00000; 00013
;
01402700;J MHC  CINURA F;Ventas;; 00061; 00096; 00098; 00082; 00043; 00034; 00000; 00000; 00000; 000414
01402700;J MHC  CINURA F;Despacho;; 00048; 00085; 00088; 00073; 00039; 00030; 00000; 00000; 00000; 00363
01402700;J MHC  CINURA F;saldo;; 00013; 00011; 00010; 00009; 00004; 00004; 00000; 00000; 00000; 00051
01402700;J MHC  CINURA F;stock;; 00006; 00003; 00002; 00003; 00000; 00000; 00000; 00000; 00000; 00014
01402700;J MHC  CINURA F;corte;; 00000; 00000; 00000; 00000; 00000; 00000; 00000; 00000; 00000; 00000
01402700;J MHC  CINURA F;sugerido;; 00007; 00008; 00008; 00006; 00004; 00004; 00000; 00000; 00000; 00037
;
01402701;J MHC  CINURA F;Ventas;; 00034; 00042; 00044; 00037; 00014; 00012; 00000; 00000; 00000; 000183
01402701;J MHC  CINURA F;Despacho;; 00032; 00041; 00043; 00033; 00015; 00010; 00000; 00000; 00000; 00174
01402701;J MHC  CINURA F;saldo;; 00002; 00001; 00001; 00004;-00001; 00002; 00000; 00000; 00000; 00009
01402701;J MHC  CINURA F;stock;; 00001; 00000; 00000; 00000; 00000; 00000; 00000; 00000; 00000; 00001
01402701;J MHC  CINURA F;corte;; 00000; 00000; 00000; 00000; 00000; 00000; 00000; 00000; 00000; 00000
01402701;J MHC  CINURA F;sugerido;; 00001; 00001; 00001; 00004;-00001; 00002; 00000; 00000; 00000; 00008
;
01402800;J MHC CINTURA W;Ventas;; 00002; 00004; 00004; 00004; 00002; 00002; 00000; 00000; 00000; 000018
01402800;J MHC CINTURA W;Despacho;; 00000; 00000; 00000; 00000; 00000; 00000; 00000; 00000; 00000; 00000
01402800;J MHC CINTURA W;saldo;; 00002; 00004; 00004; 00004; 00002; 00002; 00000; 00000; 00000; 00018
01402800;J MHC CINTURA W;stock;; 00000; 00000; 00000; 00000; 00000; 00000; 00000; 00000; 00000; 00000
01402800;J MHC CINTURA W;corte;; 00000; 00000; 00000; 00000; 00000; 00000; 00000; 00000; 00000; 00000
01402800;J MHC CINTURA W;sugerido;; 00002; 00004; 00004; 00004; 00002; 00002; 00000; 00000; 00000; 00018
;
01402900;J MHC T/36 CINT;Ventas;; 00070; 00105; 00109; 00102; 00060; 00034; 00000; 00000; 00000; 000480
01402900;J MHC T/36 CINT;Despacho;; 00066; 00099; 00103; 00091; 00057; 00034; 00000; 00000; 00000; 00450
01402900;J MHC T/36 CINT;saldo;; 00004; 00006; 00006; 00011; 00003; 00000; 00000; 00000; 00000; 00030
01402900;J MHC T/36 CINT;stock;; 00000; 00001; 00004; 00009; 00000; 00000; 00000; 00000; 00000; 00014
01402900;J MHC T/36 CINT;corte;; 00000; 00000; 00000; 00000; 00000; 00000; 00000; 00000; 00000; 00000
01402900;J MHC T/36 CINT;sugerido;; 00004; 00005; 00002; 00002; 00003; 00000; 00000; 00000; 00000; 00016
;
01402901;J MHC T/36 CINT;Ventas;; 00015; 00022; 00025; 00019; 00014; 00005; 00000; 00000; 00000; 000100
01402901;J MHC T/36 CINT;Despacho;; 00000; 00000; 00000; 00000; 00000; 00000; 00000; 00000; 00000; 00000
01402901;J MHC T/36 CINT;saldo;; 00015; 00022; 00025; 00019; 00014; 00005; 00000; 00000; 00000; 00100
01402901;J MHC T/36 CINT;stock;; 00000; 00000; 00000; 00000; 00000; 00000; 00000; 00000; 00000; 00000
01402901;J MHC T/36 CINT;corte;; 00000; 00000; 00000; 00000; 00000; 00000; 00000; 00000; 00000; 00000
01402901;J MHC T/36 CINT;sugerido;; 00015; 00022; 00025; 00019; 00014; 00005; 00000; 00000; 00000; 00100
;
01402990;J MHC T/36 CINT;Ventas;; 00020; 00020; 00020; 00020; 00009; 00010; 00000; 00000; 00000; 000099
01402990;J MHC T/36 CINT;Despacho;; 00020; 00020; 00020; 00020; 00009; 00010; 00000; 00000; 00000; 00099
01402990;J MHC T/36 CINT;saldo;; 00000; 00000; 00000; 00000; 00000; 00000; 00000; 00000; 00000; 00000
01402990;J MHC T/36 CINT;stock;; 00000; 00000; 00000; 00000; 00000; 00000; 00000; 00000; 00000; 00000
01402990;J MHC T/36 CINT;corte;; 00000; 00000; 00000; 00000; 00000; 00000; 00000; 00000; 00000; 00000
01402990;J MHC T/36 CINT;sugerido;; 00000; 00000; 00000; 00000; 00000; 00000; 00000; 00000; 00000; 00000
;
01403400;J MHC CINTURA P;Ventas;; 00001; 00002; 00002; 00001; 00001; 00000; 00000; 00000; 00000; 000007
01403400;J MHC CINTURA P;Despacho;; 00000; 00000; 00000; 00000; 00000; 00000; 00000; 00000; 00000; 00000
01403400;J MHC CINTURA P;saldo;; 00001; 00002; 00002; 00001; 00001; 00000; 00000; 00000; 00000; 00007
01403400;J MHC CINTURA P;stock;; 00000; 00000; 00000; 00000; 00000; 00000; 00000; 00000; 00000; 00000
01403400;J MHC CINTURA P;corte;; 00003; 00003; 00000; 00000; 00000; 00000; 00000; 00000; 00000; 00006
01403400;J MHC CINTURA P;sugerido;;-00002;-00001; 00002; 00001; 00001; 00000; 00000; 00000; 00000; 00001
;
01403500;J MHC MEDIO PAL;Ventas;; 00010; 00018; 00020; 00017; 00011; 00004; 00000; 00000; 00000; 000080
01403500;J MHC MEDIO PAL;Despacho;; 00000; 00000; 00000; 00000; 00000; 00000; 00000; 00000; 00000; 00000
01403500;J MHC MEDIO PAL;saldo;; 00010; 00018; 00020; 00017; 00011; 00004; 00000; 00000; 00000; 00080
01403500;J MHC MEDIO PAL;stock;; 00000; 00000; 00000; 00000; 00000; 00000; 00000; 00000; 00000; 00000
01403500;J MHC MEDIO PAL;corte;; 00000; 00000; 00000; 00000; 00000; 00000; 00000; 00000; 00000; 00000
01403500;J MHC MEDIO PAL;sugerido;; 00010; 00018; 00020; 00017; 00011; 00004; 00000; 00000; 00000; 00080
;
01403600;J MHC CINTURA P;Ventas;; 00025; 00040; 00043; 00033; 00017; 00010; 00000; 00000; 00000; 000168
01403600;J MHC CINTURA P;Despacho;; 00023; 00038; 00035; 00033; 00017; 00010; 00000; 00000; 00000; 00156
01403600;J MHC CINTURA P;saldo;; 00002; 00002; 00008; 00000; 00000; 00000; 00000; 00000; 00000; 00012
01403600;J MHC CINTURA P;stock;; 00000; 00000; 00000; 00000; 00001; 00000; 00000; 00000; 00000; 00001
01403600;J MHC CINTURA P;corte;; 00000; 00005; 00000; 00000; 00000; 00000; 00000; 00000; 00000; 00005
01403600;J MHC CINTURA P;sugerido;; 00002;-00003; 00008; 00000;-00001; 00000; 00000; 00000; 00000; 00006
;
01403601;J MHC CINTURA P;Ventas;; 00002; 00002; 00002; 00002; 00001; 00001; 00000; 00000; 00000; 000010
01403601;J MHC CINTURA P;Despacho;; 00000; 00000; 00000; 00000; 00000; 00000; 00000; 00000; 00000; 00000
01403601;J MHC CINTURA P;saldo;; 00002; 00002; 00002; 00002; 00001; 00001; 00000; 00000; 00000; 00010
01403601;J MHC CINTURA P;stock;; 00000; 00000; 00000; 00000; 00000; 00000; 00000; 00000; 00000; 00000
01403601;J MHC CINTURA P;corte;; 00000; 00000; 00000; 00000; 00000; 00000; 00000; 00000; 00000; 00000
01403601;J MHC CINTURA P;sugerido;; 00002; 00002; 00002; 00002; 00001; 00001; 00000; 00000; 00000; 00010
;
01403690;J MHC CINTURA P;Ventas;; 00002; 00003; 00003; 00001; 00000; 00000; 00000; 00000; 00000; 000009
01403690;J MHC CINTURA P;Despacho;; 00000; 00000; 00000; 00000; 00000; 00000; 00000; 00000; 00000; 00000
01403690;J MHC CINTURA P;saldo;; 00002; 00003; 00003; 00001; 00000; 00000; 00000; 00000; 00000; 00009
01403690;J MHC CINTURA P;stock;; 00000; 00000; 00000; 00000; 00000; 00000; 00000; 00000; 00000; 00000
01403690;J MHC CINTURA P;corte;; 00000; 00000; 00000; 00000; 00000; 00000; 00000; 00000; 00000; 00000
01403690;J MHC CINTURA P;sugerido;; 00002; 00003; 00003; 00001; 00000; 00000; 00000; 00000; 00000; 00009
;
01404100;J MHC CINTURA F;Ventas;; 00011; 00014; 00014; 00014; 00010; 00007; 00000; 00000; 00000; 000070
01404100;J MHC CINTURA F;Despacho;; 00000; 00000; 00000; 00000; 00000; 00000; 00000; 00000; 00000; 00000
01404100;J MHC CINTURA F;saldo;; 00011; 00014; 00014; 00014; 00010; 00007; 00000; 00000; 00000; 00070
01404100;J MHC CINTURA F;stock;; 00000; 00000; 00000; 00000; 00000; 00000; 00000; 00000; 00000; 00000
01404100;J MHC CINTURA F;corte;; 00000; 00000; 00000; 00000; 00000; 00000; 00000; 00000; 00000; 00000
01404100;J MHC CINTURA F;sugerido;; 00011; 00014; 00014; 00014; 00010; 00007; 00000; 00000; 00000; 00070
;
01404200;J MHC  MEDIO TO;Ventas;; 00080; 00138; 00160; 00150; 00103; 00068; 00000; 00000; 00000; 000699
01404200;J MHC  MEDIO TO;Despacho;; 00066; 00117; 00137; 00128; 00081; 00053; 00000; 00000; 00000; 00582
01404200;J MHC  MEDIO TO;saldo;; 00014; 00021; 00023; 00022; 00022; 00015; 00000; 00000; 00000; 00117
01404200;J MHC  MEDIO TO;stock;; 00004; 00001; 00003; 00001; 00009; 00001; 00000; 00000; 00000; 00019
01404200;J MHC  MEDIO TO;corte;; 00001; 00002; 00001; 00002; 00000; 00000; 00000; 00000; 00000; 00006
01404200;J MHC  MEDIO TO;sugerido;; 00009; 00018; 00019; 00019; 00013; 00014; 00000; 00000; 00000; 00092
;
01404400;J MHC  CINTURA ;Ventas;; 00173; 00301; 00325; 00290; 00198; 00130; 00000; 00000; 00000; 001417
01404400;J MHC  CINTURA ;Despacho;; 00162; 00297; 00324; 00280; 00197; 00128; 00000; 00000; 00000; 01388
01404400;J MHC  CINTURA ;saldo;; 00011; 00004; 00001; 00010; 00001; 00002; 00000; 00000; 00000; 00029
01404400;J MHC  CINTURA ;stock;; 00000;-00001; 00000; 00015; 00009; 00000; 00000; 00000; 00000; 00023
01404400;J MHC  CINTURA ;corte;; 00000; 00000; 00000; 00000; 00000; 00000; 00000; 00000; 00000; 00000
01404400;J MHC  CINTURA ;sugerido;; 00011; 00005; 00001;-00005;-00008; 00002; 00000; 00000; 00000; 00006
;
01404401;J MHC  CINTURA ;Ventas;; 00024; 00030; 00030; 00030; 00020; 00012; 00000; 00000; 00000; 000146
01404401;J MHC  CINTURA ;Despacho;; 00012; 00015; 00014; 00015; 00009; 00006; 00000; 00000; 00000; 00071
01404401;J MHC  CINTURA ;saldo;; 00012; 00015; 00016; 00015; 00011; 00006; 00000; 00000; 00000; 00075
01404401;J MHC  CINTURA ;stock;; 00000; 00000; 00001; 00000; 00001; 00000; 00000; 00000; 00000; 00002
01404401;J MHC  CINTURA ;corte;; 00000; 00000; 00000; 00000; 00000; 00000; 00000; 00000; 00000; 00000
01404401;J MHC  CINTURA ;sugerido;; 00012; 00015; 00015; 00015; 00010; 00006; 00000; 00000; 00000; 00073
;
01404700;J MHC  CINTURA ;Ventas;; 00004; 00007; 00006; 00006; 00004; 00001; 00000; 00000; 00000; 000028
01404700;J MHC  CINTURA ;Despacho;; 00000; 00000; 00000; 00000; 00000; 00000; 00000; 00000; 00000; 00000
01404700;J MHC  CINTURA ;saldo;; 00004; 00007; 00006; 00006; 00004; 00001; 00000; 00000; 00000; 00028
01404700;J MHC  CINTURA ;stock;; 00000; 00000; 00000; 00000; 00000; 00000; 00000; 00000; 00000; 00000
01404700;J MHC  CINTURA ;corte;; 00000; 00000; 00000; 00000; 00000; 00000; 00000; 00000; 00000; 00000
01404700;J MHC  CINTURA ;sugerido;; 00004; 00007; 00006; 00006; 00004; 00001; 00000; 00000; 00000; 00028
;
01405100;J MHC CINTURA P;Ventas;; 00044; 00069; 00086; 00080; 00050; 00034; 00000; 00000; 00000; 000363
01405100;J MHC CINTURA P;Despacho;; 00039; 00060; 00078; 00070; 00042; 00029; 00000; 00000; 00000; 00318
01405100;J MHC CINTURA P;saldo;; 00005; 00009; 00008; 00010; 00008; 00005; 00000; 00000; 00000; 00045
01405100;J MHC CINTURA P;stock;; 00000; 00006;-00003; 00000; 00002; 00000; 00000; 00000; 00000; 00005
01405100;J MHC CINTURA P;corte;; 00002; 00003; 00000; 00000; 00000; 00000; 00000; 00000; 00000; 00005
01405100;J MHC CINTURA P;sugerido;; 00003; 00000; 00011; 00010; 00006; 00005; 00000; 00000; 00000; 00035
;
01405200;J MHC MEDIO FLA;Ventas;; 00077; 00130; 00149; 00130; 00089; 00058; 00000; 00000; 00000; 000633
01405200;J MHC MEDIO FLA;Despacho;; 00071; 00122; 00137; 00122; 00075; 00044; 00000; 00000; 00000; 00571
01405200;J MHC MEDIO FLA;saldo;; 00006; 00008; 00012; 00008; 00014; 00014; 00000; 00000; 00000; 00062
01405200;J MHC MEDIO FLA;stock;; 00000; 00005; 00002; 00001; 00000; 00000; 00000; 00000; 00000; 00008
01405200;J MHC MEDIO FLA;corte;; 00002; 00003; 00000; 00000; 00000; 00000; 00000; 00000; 00000; 00005
01405200;J MHC MEDIO FLA;sugerido;; 00004; 00000; 00010; 00007; 00014; 00014; 00000; 00000; 00000; 00049
;
01405201;J MHC MEDIO FLA;Ventas;; 00002; 00002; 00002; 00002; 00000; 00000; 00000; 00000; 00000; 000008
01405201;J MHC MEDIO FLA;Despacho;; 00000; 00000; 00000; 00000; 00000; 00000; 00000; 00000; 00000; 00000
01405201;J MHC MEDIO FLA;saldo;; 00002; 00002; 00002; 00002; 00000; 00000; 00000; 00000; 00000; 00008
01405201;J MHC MEDIO FLA;stock;; 00000; 00000; 00000; 00000; 00000; 00000; 00000; 00000; 00000; 00000
01405201;J MHC MEDIO FLA;corte;; 00000; 00000; 00000; 00000; 00000; 00000; 00000; 00000; 00000; 00000
01405201;J MHC MEDIO FLA;sugerido;; 00002; 00002; 00002; 00002; 00000; 00000; 00000; 00000; 00000; 00008
;
01405300;J MHC CINTURA R;Ventas;; 00008; 00016; 00017; 00013; 00009; 00003; 00000; 00000; 00000; 000066
01405300;J MHC CINTURA R;Despacho;; 00000; 00000; 00000; 00000; 00000; 00000; 00000; 00000; 00000; 00000
01405300;J MHC CINTURA R;saldo;; 00008; 00016; 00017; 00013; 00009; 00003; 00000; 00000; 00000; 00066
01405300;J MHC CINTURA R;stock;; 00000; 00000; 00000; 00000; 00000; 00000; 00000; 00000; 00000; 00000
01405300;J MHC CINTURA R;corte;; 00000; 00000; 00000; 00000; 00000; 00000; 00000; 00000; 00000; 00000
01405300;J MHC CINTURA R;sugerido;; 00008; 00016; 00017; 00013; 00009; 00003; 00000; 00000; 00000; 00066
;
01405400;J MHC CINTURA  ;Ventas;; 00001; 00002; 00002; 00002; 00002; 00001; 00000; 00000; 00000; 000010
01405400;J MHC CINTURA  ;Despacho;; 00000; 00000; 00000; 00000; 00000; 00000; 00000; 00000; 00000; 00000
01405400;J MHC CINTURA  ;saldo;; 00001; 00002; 00002; 00002; 00002; 00001; 00000; 00000; 00000; 00010
01405400;J MHC CINTURA  ;stock;; 00000; 00000; 00000; 00000; 00000; 00000; 00000; 00000; 00000; 00000
01405400;J MHC CINTURA  ;corte;; 00000; 00000; 00000; 00000; 00000; 00000; 00000; 00000; 00000; 00000
01405400;J MHC CINTURA  ;sugerido;; 00001; 00002; 00002; 00002; 00002; 00001; 00000; 00000; 00000; 00010
;
01405600;J CINTURA PITIL;Ventas;; 00154; 00257; 00298; 00258; 00190; 00115; 00002; 00000; 00000; 001274
01405600;J CINTURA PITIL;Despacho;; 00131; 00235; 00266; 00229; 00166; 00094; 00000; 00000; 00000; 01121
01405600;J CINTURA PITIL;saldo;; 00023; 00022; 00032; 00029; 00024; 00021; 00002; 00000; 00000; 00153
01405600;J CINTURA PITIL;stock;; 00001; 00000; 00000; 00000; 00000; 00000; 00000; 00000; 00000; 00001
01405600;J CINTURA PITIL;corte;; 00001; 00004; 00000; 00000; 00000; 00000; 00000; 00000; 00000; 00005
01405600;J CINTURA PITIL;sugerido;; 00021; 00018; 00032; 00029; 00024; 00021; 00002; 00000; 00000; 00147
;
01405601;J CINTURA PITIL;Ventas;; 00043; 00063; 00073; 00065; 00044; 00035; 00000; 00000; 00000; 000323
01405601;J CINTURA PITIL;Despacho;; 00029; 00044; 00056; 00049; 00029; 00027; 00000; 00000; 00000; 00234
01405601;J CINTURA PITIL;saldo;; 00014; 00019; 00017; 00016; 00015; 00008; 00000; 00000; 00000; 00089
01405601;J CINTURA PITIL;stock;; 00002; 00000; 00000; 00000; 00002; 00000; 00000; 00000; 00000; 00004
01405601;J CINTURA PITIL;corte;; 00000; 00000; 00000; 00000; 00000; 00000; 00000; 00000; 00000; 00000
01405601;J CINTURA PITIL;sugerido;; 00012; 00019; 00017; 00016; 00013; 00008; 00000; 00000; 00000; 00085
;
01405700;J MHC CINTURA F;Ventas;; 00098; 00152; 00169; 00162; 00105; 00059; 00000; 00000; 00000; 000745
01405700;J MHC CINTURA F;Despacho;; 00089; 00137; 00150; 00154; 00079; 00054; 00000; 00000; 00000; 00663
01405700;J MHC CINTURA F;saldo;; 00009; 00015; 00019; 00008; 00026; 00005; 00000; 00000; 00000; 00082
01405700;J MHC CINTURA F;stock;; 00000; 00000; 00001; 00000; 00006; 00000; 00000; 00000; 00000; 00007
01405700;J MHC CINTURA F;corte;; 00001; 00004; 00000; 00000; 00000; 00000; 00000; 00000; 00000; 00005
01405700;J MHC CINTURA F;sugerido;; 00008; 00011; 00018; 00008; 00020; 00005; 00000; 00000; 00000; 00070
;
01405701;J MHC CINTURA F;Ventas;; 00006; 00014; 00014; 00014; 00011; 00008; 00000; 00000; 00000; 000067
01405701;J MHC CINTURA F;Despacho;; 00005; 00010; 00007; 00013; 00010; 00008; 00000; 00000; 00000; 00053
01405701;J MHC CINTURA F;saldo;; 00001; 00004; 00007; 00001; 00001; 00000; 00000; 00000; 00000; 00014
01405701;J MHC CINTURA F;stock;; 00000; 00003; 00006; 00000; 00000; 00000; 00000; 00000; 00000; 00009
01405701;J MHC CINTURA F;corte;; 00000; 00000; 00000; 00000; 00000; 00000; 00000; 00000; 00000; 00000
01405701;J MHC CINTURA F;sugerido;; 00001; 00001; 00001; 00001; 00001; 00000; 00000; 00000; 00000; 00005
;
01405800;J MHC MEDIO REC;Ventas;; 00003; 00008; 00008; 00007; 00003; 00001; 00000; 00000; 00000; 000030
01405800;J MHC MEDIO REC;Despacho;; 00000; 00000; 00000; 00000; 00000; 00000; 00000; 00000; 00000; 00000
01405800;J MHC MEDIO REC;saldo;; 00003; 00008; 00008; 00007; 00003; 00001; 00000; 00000; 00000; 00030
01405800;J MHC MEDIO REC;stock;; 00000; 00000; 00000; 00000; 00000; 00000; 00000; 00000; 00000; 00000
01405800;J MHC MEDIO REC;corte;; 00000; 00000; 00000; 00000; 00000; 00000; 00000; 00000; 00000; 00000
01405800;J MHC MEDIO REC;sugerido;; 00003; 00008; 00008; 00007; 00003; 00001; 00000; 00000; 00000; 00030
;
01405900;J MHC CINTURA R;Ventas;; 00136; 00236; 00277; 00251; 00170; 00123; 00000; 00000; 00000; 001193
01405900;J MHC CINTURA R;Despacho;; 00134; 00231; 00275; 00254; 00156; 00111; 00000; 00000; 00000; 01161
01405900;J MHC CINTURA R;saldo;; 00002; 00005; 00002;-00003; 00014; 00012; 00000; 00000; 00000; 00032
01405900;J MHC CINTURA R;stock;; 00006; 00021; 00009;-00007; 00000; 00000; 00000; 00000; 00000; 00029
01405900;J MHC CINTURA R;corte;; 00001; 00010; 00003; 00002; 00000; 00001; 00000; 00000; 00000; 00017
01405900;J MHC CINTURA R;sugerido;;-00005;-00026;-00010; 00002; 00014; 00011; 00000; 00000; 00000;-00014
;
01405901;J MHC CINTURA R;Ventas;; 00112; 00185; 00220; 00191; 00117; 00087; 00000; 00000; 00000; 000912
01405901;J MHC CINTURA R;Despacho;; 00081; 00137; 00177; 00151; 00092; 00068; 00000; 00000; 00000; 00706
01405901;J MHC CINTURA R;saldo;; 00031; 00048; 00043; 00040; 00025; 00019; 00000; 00000; 00000; 00206
01405901;J MHC CINTURA R;stock;; 00003; 00001; 00000; 00000;-00001; 00000; 00000; 00000; 00000; 00003
01405901;J MHC CINTURA R;corte;; 00000; 00000; 00000; 00000; 00000; 00000; 00000; 00000; 00000; 00000
01405901;J MHC CINTURA R;sugerido;; 00028; 00047; 00043; 00040; 00026; 00019; 00000; 00000; 00000; 00203
;
01406000;J MHC CINTURA P;Ventas;; 00084; 00120; 00124; 00110; 00060; 00035; 00000; 00000; 00000; 000533
01406000;J MHC CINTURA P;Despacho;; 00074; 00104; 00105; 00093; 00051; 00031; 00000; 00000; 00000; 00458
01406000;J MHC CINTURA P;saldo;; 00010; 00016; 00019; 00017; 00009; 00004; 00000; 00000; 00000; 00075
01406000;J MHC CINTURA P;stock;; 00000; 00000;-00003;-00003;-00002; 00001; 00000; 00000; 00000;-00007
01406000;J MHC CINTURA P;corte;;-00001; 00000; 00000; 00000; 00005; 00001; 00000; 00000; 00000; 00005
01406000;J MHC CINTURA P;sugerido;; 00011; 00016; 00022; 00020; 00006; 00002; 00000; 00000; 00000; 00077
;
01406006;J MHC CINTURA P;Ventas;; 00063; 00102; 00107; 00095; 00052; 00031; 00000; 00000; 00000; 000450
01406006;J MHC CINTURA P;Despacho;; 00050; 00077; 00085; 00065; 00036; 00022; 00000; 00000; 00000; 00335
01406006;J MHC CINTURA P;saldo;; 00013; 00025; 00022; 00030; 00016; 00009; 00000; 00000; 00000; 00115
01406006;J MHC CINTURA P;stock;; 00007; 00002; 00000; 00005; 00002; 00006; 00000; 00000; 00000; 00022
01406006;J MHC CINTURA P;corte;; 00000; 00000; 00000; 00000; 00000; 00000; 00000; 00000; 00000; 00000
01406006;J MHC CINTURA P;sugerido;; 00006; 00023; 00022; 00025; 00014; 00003; 00000; 00000; 00000; 00093
;
01406038;J MHC CINTURA P;Ventas;; 00020; 00028; 00031; 00028; 00018; 00011; 00000; 00000; 00000; 000136
01406038;J MHC CINTURA P;Despacho;; 00020; 00028; 00030; 00028; 00017; 00011; 00000; 00000; 00000; 00134
01406038;J MHC CINTURA P;saldo;; 00000; 00000; 00001; 00000; 00001; 00000; 00000; 00000; 00000; 00002
01406038;J MHC CINTURA P;stock;; 00002; 00000; 00005; 00003; 00000; 00000; 00000; 00000; 00000; 00010
01406038;J MHC CINTURA P;corte;; 00000; 00000; 00000; 00000; 00000; 00000; 00000; 00000; 00000; 00000
01406038;J MHC CINTURA P;sugerido;;-00002; 00000;-00004;-00003; 00001; 00000; 00000; 00000; 00000;-00008
;
01406100;J MHC CINTURA P;Ventas;; 00041; 00061; 00065; 00059; 00028; 00019; 00000; 00000; 00000; 000273
01406100;J MHC CINTURA P;Despacho;; 00039; 00056; 00064; 00057; 00027; 00018; 00000; 00000; 00000; 00261
01406100;J MHC CINTURA P;saldo;; 00002; 00005; 00001; 00002; 00001; 00001; 00000; 00000; 00000; 00012
01406100;J MHC CINTURA P;stock;; 00000; 00000;-00002; 00000;-00002; 00003; 00000; 00000; 00000;-00001
01406100;J MHC CINTURA P;corte;; 00000; 00000; 00000; 00000; 00000; 00000; 00000; 00000; 00000; 00000
01406100;J MHC CINTURA P;sugerido;; 00002; 00005; 00003; 00002; 00003;-00002; 00000; 00000; 00000; 00013
;
01406106;J MHC CINTURA P;Ventas;; 00018; 00026; 00028; 00025; 00011; 00008; 00000; 00000; 00000; 000116
01406106;J MHC CINTURA P;Despacho;; 00013; 00024; 00025; 00022; 00011; 00008; 00000; 00000; 00000; 00103
01406106;J MHC CINTURA P;saldo;; 00005; 00002; 00003; 00003; 00000; 00000; 00000; 00000; 00000; 00013
01406106;J MHC CINTURA P;stock;; 00000; 00000; 00000; 00000; 00000; 00000; 00000; 00000; 00000; 00000
01406106;J MHC CINTURA P;corte;; 00000; 00000; 00000; 00000; 00000; 00000; 00000; 00000; 00000; 00000
01406106;J MHC CINTURA P;sugerido;; 00005; 00002; 00003; 00003; 00000; 00000; 00000; 00000; 00000; 00013
;
01406138;J MHC CINTURA P;Ventas;; 00016; 00027; 00035; 00030; 00013; 00065; 00000; 00000; 00000; 000186
01406138;J MHC CINTURA P;Despacho;; 00014; 00024; 00033; 00028; 00010; 00012; 00000; 00000; 00000; 00121
01406138;J MHC CINTURA P;saldo;; 00002; 00003; 00002; 00002; 00003; 00053; 00000; 00000; 00000; 00065
01406138;J MHC CINTURA P;stock;; 00000; 00000; 00000; 00000; 00000; 00000; 00000; 00000; 00000; 00000
01406138;J MHC CINTURA P;corte;; 00000; 00000; 00000; 00000; 00000; 00000; 00000; 00000; 00000; 00000
01406138;J MHC CINTURA P;sugerido;; 00002; 00003; 00002; 00002; 00003; 00053; 00000; 00000; 00000; 00065
;
01406200;J MHC CINTURA F;Ventas;; 00065; 00111; 00121; 00113; 00055; 00033; 00000; 00000; 00000; 000498
01406200;J MHC CINTURA F;Despacho;; 00059; 00106; 00118; 00091; 00048; 00029; 00000; 00000; 00000; 00451
01406200;J MHC CINTURA F;saldo;; 00006; 00005; 00003; 00022; 00007; 00004; 00000; 00000; 00000; 00047
01406200;J MHC CINTURA F;stock;; 00000; 00021; 00006; 00015; 00007; 00001; 00000; 00000; 00000; 00050
01406200;J MHC CINTURA F;corte;; 00000; 00000; 00000; 00000; 00000; 00000; 00000; 00000; 00000; 00000
01406200;J MHC CINTURA F;sugerido;; 00006;-00016;-00003; 00007; 00000; 00003; 00000; 00000; 00000;-00003
;
01406206;J MHC CINTURA F;Ventas;; 00024; 00040; 00046; 00037; 00019; 00010; 00000; 00000; 00000; 000176
01406206;J MHC CINTURA F;Despacho;; 00022; 00037; 00041; 00035; 00015; 00009; 00000; 00000; 00000; 00159
01406206;J MHC CINTURA F;saldo;; 00002; 00003; 00005; 00002; 00004; 00001; 00000; 00000; 00000; 00017
01406206;J MHC CINTURA F;stock;; 00000; 00000; 00000; 00000; 00000; 00000; 00000; 00000; 00000; 00000
01406206;J MHC CINTURA F;corte;; 00000; 00000; 00000; 00000; 00000; 00000; 00000; 00000; 00000; 00000
01406206;J MHC CINTURA F;sugerido;; 00002; 00003; 00005; 00002; 00004; 00001; 00000; 00000; 00000; 00017
;
01406238;J MHC CINTURA F;Ventas;; 00015; 00019; 00025; 00021; 00010; 00005; 00000; 00000; 00000; 000095
01406238;J MHC CINTURA F;Despacho;; 00015; 00019; 00025; 00020; 00010; 00005; 00000; 00000; 00000; 00094
01406238;J MHC CINTURA F;saldo;; 00000; 00000; 00000; 00001; 00000; 00000; 00000; 00000; 00000; 00001
01406238;J MHC CINTURA F;stock;; 00000; 00000; 00000; 00001; 00000; 00000; 00000; 00000; 00000; 00001
01406238;J MHC CINTURA F;corte;; 00000; 00000; 00000; 00000; 00000; 00000; 00000; 00000; 00000; 00000
01406238;J MHC CINTURA F;sugerido;; 00000; 00000; 00000; 00000; 00000; 00000; 00000; 00000; 00000; 00000
;
01406260;J MHC CINTURA F;Ventas;; 00000; 00001; 00000; 00001; 00000; 00001; 00000; 00000; 00000; 000003
01406260;J MHC CINTURA F;Despacho;; 00000; 00000; 00000; 00000; 00000; 00000; 00000; 00000; 00000; 00000
01406260;J MHC CINTURA F;saldo;; 00000; 00001; 00000; 00001; 00000; 00001; 00000; 00000; 00000; 00003
01406260;J MHC CINTURA F;stock;; 00000; 00000; 00000; 00000; 00000; 00000; 00000; 00000; 00000; 00000
01406260;J MHC CINTURA F;corte;; 00000; 00000; 00000; 00000; 00000; 00000; 00000; 00000; 00000; 00000
01406260;J MHC CINTURA F;sugerido;; 00000; 00001; 00000; 00001; 00000; 00001; 00000; 00000; 00000; 00003
;
01406300;J MHC CINTURA P;Ventas;; 00014; 00022; 00023; 00023; 00013; 00006; 00000; 00000; 00000; 000101
01406300;J MHC CINTURA P;Despacho;; 00008; 00011; 00010; 00007; 00005; 00001; 00000; 00000; 00000; 00042
01406300;J MHC CINTURA P;saldo;; 00006; 00011; 00013; 00016; 00008; 00005; 00000; 00000; 00000; 00059
01406300;J MHC CINTURA P;stock;; 00006; 00010; 00013; 00016; 00009; 00005; 00000; 00000; 00000; 00059
01406300;J MHC CINTURA P;corte;; 00000; 00000; 00000; 00000; 00000; 00000; 00000; 00000; 00000; 00000
01406300;J MHC CINTURA P;sugerido;; 00000; 00001; 00000; 00000;-00001; 00000; 00000; 00000; 00000; 00000
;
01406400;J MHC CINTURA R;Ventas;; 00030; 00073; 00074; 00066; 00049; 00039; 00000; 00000; 00000; 000331
01406400;J MHC CINTURA R;Despacho;; 00034; 00063; 00070; 00056; 00032; 00022; 00000; 00000; 00000; 00277
01406400;J MHC CINTURA R;saldo;;-00004; 00010; 00004; 00010; 00017; 00017; 00000; 00000; 00000; 00054
01406400;J MHC CINTURA R;stock;; 00000; 00004; 00000; 00001; 00000; 00000; 00000; 00000; 00000; 00005
01406400;J MHC CINTURA R;corte;; 00039; 00000; 00015; 00000; 00000; 00000; 00000; 00000; 00000; 00054
01406400;J MHC CINTURA R;sugerido;;-00043; 00006;-00011; 00009; 00017; 00017; 00000; 00000; 00000;-00005
;
01406401;J MHC CINTURA R;Ventas;; 00015; 00022; 00025; 00022; 00015; 00010; 00000; 00000; 00000; 000109
01406401;J MHC CINTURA R;Despacho;; 00012; 00019; 00022; 00019; 00013; 00008; 00000; 00000; 00000; 00093
01406401;J MHC CINTURA R;saldo;; 00003; 00003; 00003; 00003; 00002; 00002; 00000; 00000; 00000; 00016
01406401;J MHC CINTURA R;stock;; 00000; 00000; 00000; 00000; 00000; 00000; 00000; 00000; 00000; 00000
01406401;J MHC CINTURA R;corte;; 00000; 00000; 00000; 00000; 00000; 00000; 00000; 00000; 00000; 00000
01406401;J MHC CINTURA R;sugerido;; 00003; 00003; 00003; 00003; 00002; 00002; 00000; 00000; 00000; 00016
;
01406500;J MHC CINTURA F;Ventas;; 00010; 00017; 00019; 00015; 00009; 00002; 00000; 00000; 00000; 000072
01406500;J MHC CINTURA F;Despacho;; 00010; 00017; 00019; 00015; 00009; 00002; 00000; 00000; 00000; 00072
01406500;J MHC CINTURA F;saldo;; 00000; 00000; 00000; 00000; 00000; 00000; 00000; 00000; 00000; 00000
01406500;J MHC CINTURA F;stock;; 00000; 00000; 00000; 00000; 00000; 00000; 00000; 00000; 00000; 00000
01406500;J MHC CINTURA F;corte;; 00000; 00000; 00000; 00000; 00000; 00000; 00000; 00000; 00000; 00000
01406500;J MHC CINTURA F;sugerido;; 00000; 00000; 00000; 00000; 00000; 00000; 00000; 00000; 00000; 00000
;
01406506;J MHC CINTURA F;Ventas;; 00021; 00030; 00030; 00023; 00013; 00004; 00000; 00000; 00000; 000121
01406506;J MHC CINTURA F;Despacho;; 00019; 00028; 00028; 00022; 00012; 00004; 00000; 00000; 00000; 00113
01406506;J MHC CINTURA F;saldo;; 00002; 00002; 00002; 00001; 00001; 00000; 00000; 00000; 00000; 00008
01406506;J MHC CINTURA F;stock;; 00000; 00000; 00000; 00000; 00000; 00000; 00000; 00000; 00000; 00000
01406506;J MHC CINTURA F;corte;; 00000; 00000; 00000; 00000; 00000; 00000; 00000; 00000; 00000; 00000
01406506;J MHC CINTURA F;sugerido;; 00002; 00002; 00002; 00001; 00001; 00000; 00000; 00000; 00000; 00008
;
01406538;J MHC CINTURA F;Ventas;; 00016; 00023; 00023; 00019; 00011; 00007; 00000; 00000; 00000; 000099
01406538;J MHC CINTURA F;Despacho;; 00012; 00017; 00016; 00012; 00007; 00004; 00000; 00000; 00000; 00068
01406538;J MHC CINTURA F;saldo;; 00004; 00006; 00007; 00007; 00004; 00003; 00000; 00000; 00000; 00031
01406538;J MHC CINTURA F;stock;; 00000; 00000; 00000; 00000; 00000; 00000; 00000; 00000; 00000; 00000
01406538;J MHC CINTURA F;corte;; 00000; 00000; 00000; 00000; 00000; 00000; 00000; 00000; 00000; 00000
01406538;J MHC CINTURA F;sugerido;; 00004; 00006; 00007; 00007; 00004; 00003; 00000; 00000; 00000; 00031
;
01406560;J MHC CINTURA F;Ventas;; 00017; 00022; 00026; 00021; 00011; 00007; 00000; 00000; 00000; 000104
01406560;J MHC CINTURA F;Despacho;; 00015; 00019; 00023; 00017; 00009; 00006; 00000; 00000; 00000; 00089
01406560;J MHC CINTURA F;saldo;; 00002; 00003; 00003; 00004; 00002; 00001; 00000; 00000; 00000; 00015
01406560;J MHC CINTURA F;stock;; 00000; 00000; 00000; 00001; 00000; 00000; 00000; 00000; 00000; 00001
01406560;J MHC CINTURA F;corte;; 00000; 00000; 00000; 00000; 00000; 00000; 00000; 00000; 00000; 00000
01406560;J MHC CINTURA F;sugerido;; 00002; 00003; 00003; 00003; 00002; 00001; 00000; 00000; 00000; 00014
;
01406600;J MHC CINTURA F;Ventas;; 00050; 00080; 00084; 00075; 00040; 00025; 00000; 00000; 00000; 000354
01406600;J MHC CINTURA F;Despacho;; 00032; 00054; 00054; 00051; 00022; 00015; 00000; 00000; 00000; 00228
01406600;J MHC CINTURA F;saldo;; 00018; 00026; 00030; 00024; 00018; 00010; 00000; 00000; 00000; 00126
01406600;J MHC CINTURA F;stock;; 00020; 00020; 00033; 00004; 00002; 00001; 00000; 00000; 00000; 00080
01406600;J MHC CINTURA F;corte;; 00000; 00000; 00000; 00000; 00000; 00000; 00000; 00000; 00000; 00000
01406600;J MHC CINTURA F;sugerido;;-00002; 00006;-00003; 00020; 00016; 00009; 00000; 00000; 00000; 00046
;
01406601;J MHC CINTURA F;Ventas;; 00008; 00011; 00011; 00008; 00005; 00003; 00000; 00000; 00000; 000046
01406601;J MHC CINTURA F;Despacho;; 00000; 00000; 00000; 00000; 00000; 00000; 00000; 00000; 00000; 00000
01406601;J MHC CINTURA F;saldo;; 00008; 00011; 00011; 00008; 00005; 00003; 00000; 00000; 00000; 00046
01406601;J MHC CINTURA F;stock;; 00000; 00000; 00000; 00000; 00000; 00000; 00000; 00000; 00000; 00000
01406601;J MHC CINTURA F;corte;; 00000; 00000; 00000; 00000; 00000; 00000; 00000; 00000; 00000; 00000
01406601;J MHC CINTURA F;sugerido;; 00008; 00011; 00011; 00008; 00005; 00003; 00000; 00000; 00000; 00046
;
01406660;J MHC CINTURA F;Ventas;; 00057; 00102; 00109; 00092; 00051; 00038; 00000; 00000; 00000; 000449
01406660;J MHC CINTURA F;Despacho;; 00045; 00088; 00094; 00076; 00039; 00027; 00000; 00000; 00000; 00369
01406660;J MHC CINTURA F;saldo;; 00012; 00014; 00015; 00016; 00012; 00011; 00000; 00000; 00000; 00080
01406660;J MHC CINTURA F;stock;; 00000; 00000; 00000; 00000; 00000; 00000; 00000; 00000; 00000; 00000
01406660;J MHC CINTURA F;corte;; 00000; 00000; 00000; 00000; 00000; 00000; 00000; 00000; 00000; 00000
01406660;J MHC CINTURA F;sugerido;; 00012; 00014; 00015; 00016; 00012; 00011; 00000; 00000; 00000; 00080
;
01406700;J MHC MEDIO TOB;Ventas;; 00009; 00012; 00016; 00015; 00010; 00007; 00000; 00000; 00000; 000069
01406700;J MHC MEDIO TOB;Despacho;; 00000; 00000; 00000; 00000; 00000; 00000; 00000; 00000; 00000; 00000
01406700;J MHC MEDIO TOB;saldo;; 00009; 00012; 00016; 00015; 00010; 00007; 00000; 00000; 00000; 00069
01406700;J MHC MEDIO TOB;stock;; 00000; 00000; 00000; 00000; 00000; 00000; 00000; 00000; 00000; 00000
01406700;J MHC MEDIO TOB;corte;; 00000; 00000; 00000; 00000; 00000; 00000; 00000; 00000; 00000; 00000
01406700;J MHC MEDIO TOB;sugerido;; 00009; 00012; 00016; 00015; 00010; 00007; 00000; 00000; 00000; 00069
;
01406760;J MHC MEDIO TOB;Ventas;; 00068; 00099; 00103; 00090; 00058; 00035; 00000; 00000; 00000; 000453
01406760;J MHC MEDIO TOB;Despacho;; 00071; 00095; 00106; 00097; 00058; 00023; 00000; 00000; 00000; 00450
01406760;J MHC MEDIO TOB;saldo;;-00003; 00004;-00003;-00007; 00000; 00012; 00000; 00000; 00000; 00003
01406760;J MHC MEDIO TOB;stock;; 00000; 00000; 00000; 00000; 00000; 00000; 00000; 00000; 00000; 00000
01406760;J MHC MEDIO TOB;corte;; 00000; 00000; 00000; 00000; 00000; 00000; 00000; 00000; 00000; 00000
01406760;J MHC MEDIO TOB;sugerido;;-00003; 00004;-00003;-00007; 00000; 00012; 00000; 00000; 00000; 00003
;
01407000;J MHC CINTURA P;Ventas;; 00015; 00023; 00020; 00021; 00013; 00009; 00000; 00000; 00000; 000101
01407000;J MHC CINTURA P;Despacho;; 00012; 00018; 00014; 00014; 00011; 00008; 00000; 00000; 00000; 00077
01407000;J MHC CINTURA P;saldo;; 00003; 00005; 00006; 00007; 00002; 00001; 00000; 00000; 00000; 00024
01407000;J MHC CINTURA P;stock;; 00001;-00002; 00001;-00021; 00000; 00001; 00000; 00000; 00000;-00020
01407000;J MHC CINTURA P;corte;; 00000; 00000; 00000; 00000; 00000; 00000; 00000; 00000; 00000; 00000
01407000;J MHC CINTURA P;sugerido;; 00002; 00007; 00005; 00028; 00002; 00000; 00000; 00000; 00000; 00044
;
01407006;J MHC CINTURA P;Ventas;; 00009; 00013; 00016; 00014; 00009; 00008; 00000; 00000; 00000; 000069
01407006;J MHC CINTURA P;Despacho;; 00009; 00013; 00015; 00013; 00009; 00008; 00000; 00000; 00000; 00067
01407006;J MHC CINTURA P;saldo;; 00000; 00000; 00001; 00001; 00000; 00000; 00000; 00000; 00000; 00002
01407006;J MHC CINTURA P;stock;; 00000; 00000; 00001; 00001; 00000; 00000; 00000; 00000; 00000; 00002
01407006;J MHC CINTURA P;corte;; 00000; 00000; 00000; 00000; 00000; 00000; 00000; 00000; 00000; 00000
01407006;J MHC CINTURA P;sugerido;; 00000; 00000; 00000; 00000; 00000; 00000; 00000; 00000; 00000; 00000
;
01407038;J MHC CINTURA P;Ventas;; 00034; 00059; 00068; 00053; 00027; 00014; 00000; 00000; 00000; 000255
01407038;J MHC CINTURA P;Despacho;; 00032; 00054; 00064; 00050; 00019; 00010; 00000; 00000; 00000; 00229
01407038;J MHC CINTURA P;saldo;; 00002; 00005; 00004; 00003; 00008; 00004; 00000; 00000; 00000; 00026
01407038;J MHC CINTURA P;stock;; 00000; 00002; 00000; 00000; 00000; 00000; 00000; 00000; 00000; 00002
01407038;J MHC CINTURA P;corte;; 00000; 00000; 00000; 00000; 00000; 00000; 00000; 00000; 00000; 00000
01407038;J MHC CINTURA P;sugerido;; 00002; 00003; 00004; 00003; 00008; 00004; 00000; 00000; 00000; 00024
;
01407060;J MHC CINTURA P;Ventas;; 00008; 00012; 00006; 00001; 00004; 00004; 00000; 00000; 00000; 000035
01407060;J MHC CINTURA P;Despacho;; 00019; 00020; 00020; 00020; 00010; 00010; 00000; 00000; 00000; 00099
01407060;J MHC CINTURA P;saldo;;-00011;-00008;-00014;-00019;-00006;-00006; 00000; 00000; 00000;-00064
01407060;J MHC CINTURA P;stock;; 00000; 00000; 00000; 00000; 00000; 00000; 00000; 00000; 00000; 00000
01407060;J MHC CINTURA P;corte;; 00000; 00000; 00000; 00000; 00000; 00000; 00000; 00000; 00000; 00000
01407060;J MHC CINTURA P;sugerido;;-00011;-00008;-00014;-00019;-00006;-00006; 00000; 00000; 00000;-00064
;
01407600;J MHC CINTURA R;Ventas;; 00113; 00181; 00222; 00197; 00134; 00101; 00000; 00000; 00000; 000948
01407600;J MHC CINTURA R;Despacho;; 00087; 00175; 00211; 00190; 00124; 00093; 00000; 00000; 00000; 00880
01407600;J MHC CINTURA R;saldo;; 00026; 00006; 00011; 00007; 00010; 00008; 00000; 00000; 00000; 00068
01407600;J MHC CINTURA R;stock;; 00012; 00003; 00000; 00000; 00000; 00000; 00000; 00000; 00000; 00015
01407600;J MHC CINTURA R;corte;; 00000; 00000; 00000; 00000; 00000; 00000; 00000; 00000; 00000; 00000
01407600;J MHC CINTURA R;sugerido;; 00014; 00003; 00011; 00007; 00010; 00008; 00000; 00000; 00000; 00053
;
01408000;J MHC CINTURA P;Ventas;; 00014; 00023; 00024; 00027; 00007; 00003; 00000; 00000; 00000; 000098
01408000;J MHC CINTURA P;Despacho;; 00023; 00033; 00033; 00030; 00007; 00008; 00000; 00000; 00000; 00134
01408000;J MHC CINTURA P;saldo;;-00009;-00010;-00009;-00003; 00000;-00005; 00000; 00000; 00000;-00036
01408000;J MHC CINTURA P;stock;; 00000; 00001; 00001; 00000; 00000; 00000; 00000; 00000; 00000; 00002
01408000;J MHC CINTURA P;corte;; 00000; 00000; 00000; 00000; 00000; 00000; 00000; 00000; 00000; 00000
01408000;J MHC CINTURA P;sugerido;;-00009;-00011;-00010;-00003; 00000;-00005; 00000; 00000; 00000;-00038
;
03407100;CAZADORA MHC T/;Ventas;; 00000; 00016; 00024; 00022; 00002; 00000; 00000; 00000; 00000; 000064
03407100;CAZADORA MHC T/;Despacho;; 00000; 00005; 00006; 00000; 00000; 00000; 00000; 00000; 00000; 00011
03407100;CAZADORA MHC T/;saldo;; 00000; 00011; 00018; 00022; 00002; 00000; 00000; 00000; 00000; 00053
03407100;CAZADORA MHC T/;stock;; 00000; 00005; 00009; 00008; 00000; 00000; 00000; 00000; 00000; 00022
03407100;CAZADORA MHC T/;corte;; 00000; 00000; 00000; 00000; 00000; 00000; 00000; 00000; 00000; 00000
03407100;CAZADORA MHC T/;sugerido;; 00000; 00006; 00009; 00014; 00002; 00000; 00000; 00000; 00000; 00031
;
03407101;CAZADORA MHC T/;Ventas;; 00000; 00018; 00023; 00016; 00010; 00000; 00000; 00000; 00000; 000067
03407101;CAZADORA MHC T/;Despacho;; 00000; 00012; 00015; 00010; 00000; 00000; 00000; 00000; 00000; 00037
03407101;CAZADORA MHC T/;saldo;; 00000; 00006; 00008; 00006; 00010; 00000; 00000; 00000; 00000; 00030
03407101;CAZADORA MHC T/;stock;; 00000; 00000; 00002; 00001; 00000; 00000; 00000; 00000; 00000; 00003
03407101;CAZADORA MHC T/;corte;; 00000; 00000; 00000; 00000; 00000; 00000; 00000; 00000; 00000; 00000
03407101;CAZADORA MHC T/;sugerido;; 00000; 00006; 00006; 00005; 00010; 00000; 00000; 00000; 00000; 00027
;
03407200;BLAZER MHC T/0L;Ventas;; 00000; 00033; 00038; 00036; 00020; 00000; 00000; 00000; 00000; 000127
03407200;BLAZER MHC T/0L;Despacho;; 00000; 00023; 00029; 00024; 00017; 00000; 00000; 00000; 00000; 00093
03407200;BLAZER MHC T/0L;saldo;; 00000; 00010; 00009; 00012; 00003; 00000; 00000; 00000; 00000; 00034
03407200;BLAZER MHC T/0L;stock;; 00000; 00000; 00000; 00001; 00000; 00000; 00000; 00000; 00000; 00001
03407200;BLAZER MHC T/0L;corte;; 00000; 00000; 00000; 00000; 00000; 00000; 00000; 00000; 00000; 00000
03407200;BLAZER MHC T/0L;sugerido;; 00000; 00010; 00009; 00011; 00003; 00000; 00000; 00000; 00000; 00033
;
03407201;BLAZER MHC T/0L;Ventas;; 00000; 00031; 00040; 00035; 00024; 00000; 00000; 00000; 00000; 000130
03407201;BLAZER MHC T/0L;Despacho;; 00000; 00031; 00040; 00037; 00018; 00000; 00000; 00000; 00000; 00126
03407201;BLAZER MHC T/0L;saldo;; 00000; 00000; 00000;-00002; 00006; 00000; 00000; 00000; 00000; 00004
03407201;BLAZER MHC T/0L;stock;; 00000; 00000; 00000; 00001; 00000; 00000; 00000; 00000; 00000; 00001
03407201;BLAZER MHC T/0L;corte;; 00000; 00000; 00000; 00000; 00000; 00000; 00000; 00000; 00000; 00000
03407201;BLAZER MHC T/0L;sugerido;; 00000; 00000; 00000;-00003; 00006; 00000; 00000; 00000; 00000; 00003
;
03407300;CASACA CLASICA ;Ventas;; 00000; 00020; 00025; 00023; 00007; 00000; 00000; 00000; 00000; 000075
03407300;CASACA CLASICA ;Despacho;; 00000; 00000; 00000; 00000; 00000; 00000; 00000; 00000; 00000; 00000
03407300;CASACA CLASICA ;saldo;; 00000; 00020; 00025; 00023; 00007; 00000; 00000; 00000; 00000; 00075
03407300;CASACA CLASICA ;stock;; 00000; 00000; 00000; 00000; 00000; 00000; 00000; 00000; 00000; 00000
03407300;CASACA CLASICA ;corte;; 00000; 00000; 00000; 00000; 00000; 00000; 00000; 00000; 00000; 00000
03407300;CASACA CLASICA ;sugerido;; 00000; 00020; 00025; 00023; 00007; 00000; 00000; 00000; 00000; 00075
;
03407400;CASACA OVERSIZE;Ventas;; 00000; 00019; 00026; 00023; 00008; 00000; 00000; 00000; 00000; 000076
03407400;CASACA OVERSIZE;Despacho;; 00000; 00000; 00000; 00000; 00000; 00000; 00000; 00000; 00000; 00000
03407400;CASACA OVERSIZE;saldo;; 00000; 00019; 00026; 00023; 00008; 00000; 00000; 00000; 00000; 00076
03407400;CASACA OVERSIZE;stock;; 00000; 00000; 00000; 00000; 00000; 00000; 00000; 00000; 00000; 00000
03407400;CASACA OVERSIZE;corte;; 00000; 00000; 00000; 00000; 00000; 00000; 00000; 00000; 00000; 00000
03407400;CASACA OVERSIZE;sugerido;; 00000; 00019; 00026; 00023; 00008; 00000; 00000; 00000; 00000; 00076
;
10407500;GUILLET MHC T/0;Ventas;; 00000; 00025; 00032; 00028; 00008; 00000; 00000; 00000; 00000; 000093
10407500;GUILLET MHC T/0;Despacho;; 00000; 00000; 00000; 00000; 00000; 00000; 00000; 00000; 00000; 00000
10407500;GUILLET MHC T/0;saldo;; 00000; 00025; 00032; 00028; 00008; 00000; 00000; 00000; 00000; 00093
10407500;GUILLET MHC T/0;stock;; 00000; 00000; 00000; 00000; 00000; 00000; 00000; 00000; 00000; 00000
10407500;GUILLET MHC T/0;corte;; 00000; 00000; 00000; 00000; 00000; 00000; 00000; 00000; 00000; 00000
10407500;GUILLET MHC T/0;sugerido;; 00000; 00025; 00032; 00028; 00008; 00000; 00000; 00000; 00000; 00093
;
